2E 1F 0D 10 00 0C FF 39 0C 2E 1F 05 00 00 00 00 00 00 FF 00 00 00 00 00 01 00 FF FF
2E 1F 02 10 04 03 FF 3F 01 2F 1C 00 00 00 00 00 00 00 FF 00 00 64 00 1C FF FF 00 00
22 0B 0D 21 00 00 FF 58 00 25 0E 00 00 00 00 00 00 00 FF 00 00 00 00 00 FF FF FF FF
21 0A 02 21 00 00 FF 58 00 25 0E 00 00 00 00 00 00 00 FF 00 00 64 00 14 FF FF FF FF
37 2A 0D 42 00 00 FF 39 00 37 2A FF 00 00 00 00 00 00 FF 00 00 00 00 00 FF FF 05 00
37 2A 02 42 0C 00 FF 3F 01 38 2A 00 00 00 00 00 00 00 FF 00 00 64 00 1C 04 00 FF FF
36 2B 01 42 0C 00 FF 3F 01 38 2A 00 00 00 00 00 00 00 FF 00 00 00 00 15 FF FF FF FF
30 36 0E 83 00 00 FF 39 00 30 36 FF 00 00 00 00 00 00 FF 00 00 00 00 00 FF FF 08 00
30 36 02 83 0C 00 FF 3F 01 33 38 00 00 00 00 00 00 00 FF 00 00 64 00 1C 07 00 FF FF
2F 35 01 83 0C 00 FF 3F 00 33 38 03 00 00 00 00 00 00 FF 00 00 00 00 1C FF FF FF FF
25 34 13 04 00 03 00 58 00 00 00 00 00 00 00 00 00 00 00 00 00 00 01 1C FF FF FF FF
24 41 13 04 00 09 01 58 00 00 00 07 00 00 00 00 00 00 00 00 00 00 01 1C FF FF FF FF
25 3B 13 04 00 09 02 58 00 00 00 03 00 00 00 00 00 00 00 00 00 00 01 1C FF FF FF FF
24 36 13 04 00 09 03 58 00 00 00 02 00 00 00 00 00 00 00 00 00 00 01 1C FF FF FF FF
1C 2C 13 04 00 09 04 58 00 00 00 03 00 00 00 00 00 00 00 00 00 00 01 1C FF FF FF FF
10 1B 13 05 00 06 05 58 00 00 00 00 00 00 00 00 00 00 00 00 00 00 01 1C FF FF FF FF
0C 18 13 05 00 06 06 58 00 00 00 04 00 00 00 00 00 00 00 00 00 00 01 1C FF FF FF FF
17 1E 13 05 00 06 07 58 00 00 00 06 00 00 00 00 00 00 00 00 00 00 01 1C FF FF FF FF
26 1C 13 06 00 03 08 58 00 00 00 06 00 00 00 00 00 00 00 00 00 00 01 1C FF FF FF FF
20 19 13 06 00 06 09 58 00 00 00 04 00 00 00 00 00 00 00 00 00 00 01 1C FF FF FF FF
1E 1C 13 06 00 03 0A 58 00 00 00 05 00 00 00 00 00 00 00 00 00 00 01 1C FF FF FF FF
2D 1D 13 16 00 03 0B 58 05 00 00 08 00 00 00 00 00 00 00 00 00 00 01 1C FF FF FF FF
2E 23 13 06 00 03 0C 58 00 00 00 04 00 00 00 00 00 00 00 00 00 00 01 1C FF FF FF FF
1B 0E 13 07 00 06 0D 58 00 00 00 00 00 00 00 00 00 00 00 00 00 00 01 1C FF FF FF FF
1F 0B 13 07 00 06 0E 58 00 00 00 05 00 00 00 00 00 00 00 00 00 00 01 1C FF FF FF FF
16 0F 13 07 00 06 0F 58 00 00 00 04 00 00 00 00 00 00 00 00 00 00 01 1C FF FF FF FF
0F 0E 13 07 00 03 10 58 00 00 00 00 00 00 00 00 00 00 00 00 00 00 01 1C FF FF FF FF
1B 08 13 07 00 06 11 58 00 00 00 00 00 00 00 00 00 00 00 00 00 00 01 1C FF FF FF FF
12 0A 13 07 00 06 12 58 00 00 00 01 00 00 00 00 00 00 00 00 00 00 01 1C FF FF FF FF
11 07 13 07 00 07 13 58 00 00 00 04 00 00 00 00 00 00 00 00 00 00 02 1C FF FF FF FF
15 06 13 07 00 03 14 58 00 00 00 02 00 00 00 00 00 00 00 00 00 00 01 1C FF FF FF FF
1A 06 13 07 00 06 15 58 00 00 00 00 00 00 00 00 00 00 00 00 00 00 01 1C FF FF FF FF
1C 04 13 07 00 06 16 58 00 00 00 02 00 00 00 00 00 00 00 00 00 00 01 1C FF FF FF FF
23 06 13 07 00 06 17 58 00 00 00 06 00 00 00 00 00 00 00 00 00 00 01 1C FF FF FF FF
16 14 13 08 00 06 18 58 00 00 00 01 00 00 00 00 00 00 00 00 00 00 01 1C FF FF FF FF
1A 16 13 08 00 09 19 58 00 00 00 06 00 00 00 00 00 00 00 00 00 00 01 1C FF FF FF FF
17 13 13 08 00 07 1A 58 00 00 00 05 00 00 00 00 00 00 00 00 00 00 02 1C FF FF FF FF
13 16 13 08 00 06 1B 58 00 00 00 02 00 00 00 00 00 00 00 00 00 00 01 1C FF FF FF FF
0F 12 13 09 00 03 1C 58 00 00 00 06 00 00 00 00 00 00 00 00 00 00 01 1C FF FF FF FF
06 12 13 09 00 06 1D 58 00 00 00 00 00 00 00 00 00 00 00 00 00 00 01 1C FF FF FF FF
0A 0D 13 09 00 06 1E 58 00 00 00 01 00 00 00 00 00 00 00 00 00 00 01 1C FF FF FF FF
0B 0D 13 09 00 03 1F 58 00 00 00 00 00 00 00 00 00 00 00 00 00 00 01 1C FF FF FF FF
12 12 13 09 00 05 20 58 00 00 00 01 00 00 00 00 00 00 00 00 00 00 03 1C FF FF FF FF
0B 12 13 09 00 03 21 58 00 00 00 05 00 00 00 00 00 00 00 00 00 00 01 1C FF FF FF FF
11 16 13 09 00 05 22 58 00 00 00 00 00 00 00 00 00 00 00 00 00 00 03 1C FF FF FF FF
09 08 13 0A 00 06 23 58 00 00 00 00 00 00 00 00 00 00 00 00 00 00 01 1C FF FF FF FF
0B 01 13 0A 00 03 24 58 00 00 00 00 00 00 00 00 00 00 00 00 00 00 01 1C FF FF FF FF
05 04 13 0A 00 06 25 58 00 00 00 00 00 00 00 00 00 00 00 00 00 00 01 1C FF FF FF FF
04 01 13 0A 00 06 26 58 00 00 00 06 00 00 00 00 00 00 00 00 00 00 01 1C FF FF FF FF
05 07 13 0A 00 06 27 58 00 00 00 00 00 00 00 00 00 00 00 00 00 00 01 1C FF FF FF FF
0B 0A 13 0A 00 03 28 58 00 00 00 04 00 00 00 00 00 00 00 00 00 00 01 1C FF FF FF FF
06 0A 13 0A 00 06 29 58 00 00 00 02 00 00 00 00 00 00 00 00 00 00 01 1C FF FF FF FF
2E 2C 13 0B 00 09 2A 58 00 00 00 05 00 00 00 00 00 00 00 00 00 00 01 1C FF FF FF FF
29 3B 13 0B 00 05 2B 58 00 00 00 04 00 00 00 00 00 00 00 00 00 00 03 1C FF FF FF FF
2D 37 13 0B 00 06 2C 58 00 00 00 00 00 00 00 00 00 00 00 00 00 00 01 1C FF FF FF FF
2E 34 13 8B 00 03 2D 58 00 00 00 03 00 00 00 00 00 00 00 00 00 00 01 1C FF FF FF FF
31 31 13 0B 00 06 2E 58 00 00 00 04 00 00 00 00 00 00 00 00 00 00 01 1C FF FF FF FF
1F 22 13 0B 00 06 2F 58 00 00 00 00 00 00 00 00 00 00 00 00 00 00 01 1C FF FF FF FF
24 26 13 0B 00 06 30 58 00 00 00 03 00 00 00 00 00 00 00 00 00 00 01 1C FF FF FF FF
25 23 13 0B 00 03 31 58 00 00 00 06 00 00 00 00 00 00 00 00 00 00 01 1C FF FF FF FF
2A 26 13 0B 00 03 32 58 00 00 00 02 00 00 00 00 00 00 00 00 00 00 01 1C FF FF FF FF
2D 27 13 0B 00 0B 33 58 00 00 00 00 00 00 00 00 00 00 00 00 00 00 03 1C FF FF FF FF
34 2A 13 0B 00 09 34 58 00 00 00 02 00 00 00 00 00 00 00 00 00 00 01 1C FF FF FF FF
2C 31 13 0B 00 06 35 58 00 00 00 02 00 00 00 00 00 00 00 00 00 00 01 1C FF FF FF FF
2E 2E 13 0B 00 03 36 58 00 00 00 03 00 00 00 00 00 00 00 00 00 00 01 1C FF FF FF FF
