00001A D4, D4, D5
00001E 00, 00, 01
00002C 43, 43, 41
00002E 00, 00, 01

00007A
CA 03 CC 02 BB 02 AF 03 B5 02 CD 03 1F 03 D3 03 A4 02 91 02 F8 02 EC 02 16 03 C6 03 E2 02 AF 02 00
CA 03 CC 02 BB 02 AF 03 B5 02 CD 03 1F 03 D3 03 A4 02 91 02 F8 02 EC 02 16 03 C6 03 E2 02 AF 02 01
C3 03 C7 02 B6 02 A8 03 B0 02 C6 03 19 03 CC 03 9F 02 8C 02 F3 02 E7 02 10 03 BF 03 DD 02 AA 02 07

0000D0 00, 00, 01
0000EA-000101 new france name
000102 000000, 800000, 800001
000173 00000000, 00000000, 0025000E
0001DA 250E, 220B
0001DF 00, 09
0001F6 250E, 220B
000212 250E, 220B

Cities:
Jamestown               2D 1E 4A 61 6D 65 73 74 6F 77 6E 00 00 00 00 00 00 00 00 00 00 00 00 00 00 00 00 00 40 00 00 01 04 00 00 00 00 00 00 00 00 00 00 00 00 00 00 00 00 00 00 00 00 00 00 00 00 00 00 00 00 00 00 00 1C 00 00 00 00 00 00 00 00 00 00 00 00 00 00 00 00 00 00 00 00 00 00 00 00 00 00 00 00 00 00 00 00 00 00 00 00 00 00 00 00 00 00 00 00 00 00 00 00 FF FF FF FF FF FF FF FF FF FF FF FF FF FF FF FF FF FF FF 00 02 20 09 89 00 DE 1E 00 FF 00 00 00 00 00 00 06 00 00 00 00 00 00 00 00 00 00 00 00 00 00 00 00 00 00 00 00 00 00 00 00 00 00 00 00 00 00 00 00 00 00 00 32 00 01 01 01 01 00 00 00 00 00 00 00 00 C8 00 00 00
11111111110123456789012 21 0A 31 31 31 31 31 31 31 31 31 31 30 31 32 33 34 35 36 37 38 39 30 31 32 00 01 00 40 00 00 01 04 00 00 00 00 00 00 00 00 00 00 00 00 00 00 00 00 00 00 00 00 00 00 00 00 00 00 00 00 00 00 00 1C 00 00 00 00 00 00 00 00 00 00 00 00 00 00 00 00 00 00 00 00 00 00 00 00 00 00 00 00 00 00 00 00 00 00 00 00 00 00 00 00 00 00 00 00 00 00 00 FF 00 FF FF FF FF FF FF FF FF FF FF FF FF FF FF FF FF FF FF 00 02 20 09 89 00 DE 1E 00 FF 00 00 00 00 00 00 06 00 00 00 00 00 00 00 00 00 00 00 00 00 00 00 00 00 00 00 00 00 00 00 00 00 00 00 00 00 00 00 00 00 00 00 32 00 01 01 01 01 00 00 00 00 00 00 00 00 C8 00 00 00

Units:
25 0E 0D 21 00 00 FF 58 00 25 0E 00 00 00 00 00 00 00 FF 00 00 00 00 00 FF FF 05 00
25 0E 02 21 00 00 FF 58 01 25 0E 00 00 00 00 00 00 00 FF 00 00 64 00 14 05 00 FF FF
25 0E 01 21 00 00 FF 58 01 25 0E 00 00 00 00 00 00 00 FF 00 00 00 00 1C 03 00 04 00

22 0B 0D 21 00 09 FF 58 00 25 0E 00 00 00 00 00 00 00 FF 00 00 00 00 00 FF FF 05 00
22 0B 02 21 00 00 FF 58 01 25 0E 00 00 00 00 00 00 00 FF 00 00 64 00 14 05 00 FF FF
22 0B 01 21 00 00 FF 58 01 25 0E 00 00 00 00 00 00 00 FF 00 00 00 00 1C 03 00 04 00

22 0B 0D 21 00 00 FF 58 00 25 0E 00 00 00 00 00 00 00 FF 00 00 00 00 00 FF FF FF FF
21 0A 02 21 00 00 FF 58 00 25 0E 00 00 00 00 00 00 00 FF 00 00 64 00 14 FF FF FF FF

0016E4 0025000E, 0022000B
0029DF 00, 01
002A90 01, 00
0039F4 F1F1F1, 111111
003A2E F1F1F1F1, 11111111
003A68 F1F1F1F1F1, 1111111111
003AA3 F1F1, 1111
003ADE F1, 11

004A44 0D0A00, 2D2A20
004A7E 0B000000, 2B202020
004AB8 0000000000, 2020202020
004AF3 0000, 2020
004B2E 00, 20

21 0A 02 21 00 00 FF 58 00 25 0E 00 00 00 00 00 00 00 FF 00 00 64 00 14 FF FF FF FF
21 0A 01 21 00 03 01 58 00 00 00 03 00 00 00 00 00 00 FF 00 00 00 00 1C FF FF FF FF